,0,1,2,3,4,5,6,7,8,10,11,12,13,14,15,16,17,18,19,20,21,22,23,24,25,26,27,28,29,31,32,33,34,35,36,37,38,39,40,41,42,43,44,45,46
0,0.0,0.10012561244157535,2.7922312083730136,1.425900353956847,7.820539897752234,3.8515911364431785,8.718291340255124,5.276237552571578,7.319939115076789,8.46618297944346,1.8425852611530038,8.417678468521942,8.464733981473316,8.511835376537991,8.37151340712839,8.56102270029397,3.257901846889793,2.309470104012494,2.972251832046624,2.922977096729858,2.074629876871191,6.068181518387191,2.4050499461888823,5.29079625458261,5.344439832197222,4.159275170461541,0.3620114907137871,9.84056393199506,9.733595539030924,0.9877843006778654,3.88452362360454,4.705126414391234,4.597278511108924,4.588304699392327,3.5337036097205146,1.9874782742338357,7.900438852979799,5.925537164847131,4.188091339532769,4.36769101642147,8.947743274144553,8.917717027316398,1.2137229289183151,6.73204787942528,5.9777333286893
1,0.10012561244157535,0.0,2.8561592097973785,1.5085364952698272,7.729103235522387,3.7840106673466645,8.754642925460287,5.3530056520048435,7.3560142668109885,8.366239526343238,1.8126597667463897,8.317859343576963,8.364896664127642,8.411980615602669,8.271598575628634,8.461053279046007,3.266312150066103,2.408086112218338,2.988381506930732,2.9391069505033154,2.0569638978946547,6.159903922535319,2.5032496178254493,5.383273077723601,5.436547126438609,4.059521724294189,0.3299113981317523,9.804601627340254,9.762707666690345,0.9660605025025166,3.8943535086502754,4.618128836803332,4.51848461613652,4.508877155723902,3.560806884323524,1.9381198934013348,7.87987677903308,5.900751219298685,4.175322884509116,4.403062484616185,8.896300028902408,8.866448095654327,1.2151286881479544,6.6680644191769955,5.912869097806867
2,2.7922312083730136,2.8561592097973785,0.0,3.0591452943053095,10.382544546433547,6.639657122049067,10.403900137932162,6.02932723408118,9.057347376098825,10.550334403085868,4.567313079153039,10.531980550945354,10.574345606419397,10.61678690904569,10.464990247708549,10.63597317294027,5.634925863703789,1.8403120077274568,5.282618465472855,5.237554260780732,4.731782858683873,3.8079187169409905,1.7986948996958798,3.128739547242266,3.1561866114413886,6.171561347645012,3.146649760367988,12.530908093022655,11.546289189452311,3.7189549855637978,6.208487223328566,7.371666354551836,7.342094556442093,7.328916930751784,5.650981111768966,4.768132545428087,10.470608024547236,8.550870486658935,6.738564888296399,6.280753656583803,11.720767854394214,11.69018018445967,3.828704322729644,9.523877426834334,8.768969903649586
3,1.425900353956847,1.5085364952698272,3.0591452943053095,0.0,8.634166411816667,4.27813533247929,7.570581284350501,3.8571530401932175,6.185253587493148,9.61717513185595,1.9813298491826117,9.554667045887946,9.603395595260528,9.652148011308384,9.519336851978734,9.71510058865141,2.5970909646049107,1.6627577557237254,2.2357963113516313,2.1925469924705228,1.9832983420792933,5.4798191914990975,1.7715836393839808,4.699485546835359,4.764397812126451,5.4351290845845375,1.4145796184343387,9.591491869867268,8.652543377821155,1.4283179712980394,3.153279886418191,5.465394609386947,5.191842436957261,5.19553607317284,2.5986092443304605,2.3492379019522693,7.452590205846712,5.583274998004714,3.749641614593421,3.2917794324036103,8.954277216977003,8.921782898907695,1.254508699303913,6.991175765452286,6.270979530296218
4,7.820539897752234,7.729103235522387,10.382544546433547,8.634166411816667,0.0,4.53687937372467,11.412147372345949,11.177593431416296,10.414696372107324,2.961459008226246,6.706901515908302,2.8038199229565786,2.839954949213045,2.8765419282040288,2.8908745323569875,3.033837301643131,7.374586201971646,10.07899695254873,7.583627364319187,7.577311367160857,6.830613721729189,13.88871916565463,10.182525068384255,13.110702200679452,13.164805392137017,4.630299137861073,7.545558723616307,6.982058618893406,11.688714588514927,7.235696926986027,7.514864272229433,3.168772597088986,3.5312629198976997,3.514499165497559,8.064104554280451,6.304100909682959,7.12502363142734,6.190860935237841,6.639473961124952,8.699672238050834,5.143711342483521,5.144591562926364,7.380701695145082,3.447675421483059,3.5221451330366906
5,3.8515911364431785,3.7840106673466645,6.639657122049067,4.27813533247929,4.53687937372467,0.0,7.83497791000145,6.6782250764578714,6.59412464923368,6.265179807965923,2.2968243669506494,6.1575399409643055,6.2085467197074795,6.259554088559315,6.1632596260582675,6.367105287683311,2.8836221193830673,5.865953342253613,3.059486167295931,3.049967266179334,2.3471583446790345,9.727924513016614,5.974926004650911,8.9435510155296,9.005242131984037,3.515040450419099,3.5061934155188186,6.4211032849777805,8.465384169442709,3.0113987013575567,3.1406885852558353,1.559097430726274,1.0099865887216573,1.0325423846556163,3.5872169666501605,1.9547050248692486,4.997471799881449,3.1176105368960845,2.438545345990441,4.321720162533708,5.23736947602005,5.210407663189435,3.0495014171985906,2.892397737502891,2.134534684081007
6,8.718291340255124,8.754642925460287,10.403900137932162,7.570581284350501,11.412147372345949,7.83497791000145,0.0,4.813899161740132,1.3987151862316742,13.863187415452957,7.398853992390755,13.733631905689863,13.783026823384802,13.832433749351885,13.764607138507568,13.961818236681987,5.684167487431475,8.590192713691719,5.854700790294865,5.901561251898612,7.057356555848735,10.866880664620021,8.653017298644743,10.336508852245705,10.40833695045324,11.177897222431016,8.477369634226886,6.77808038657017,1.233741110985983,7.944484478898335,5.100592035613032,9.283447247580385,8.606299390437696,8.649708085470927,5.217649071565035,7.6497674550291075,4.810431816502043,5.225291674285082,5.447159975604706,4.351698356567961,7.771087384886075,7.741334374270884,7.611520154377845,8.029587443702628,7.897449453185479
7,5.276237552571578,5.3530056520048435,6.02932723408118,3.8571530401932175,11.177593431416296,6.6782250764578714,4.813899161740132,0.0,3.7194955336294515,12.809313806027212,4.912987230308163,12.719480114914207,12.770254731479636,12.821031457861794,12.707669666101994,12.910964826121209,3.804238423084931,4.202180226574951,3.625399303262793,3.6398867780113933,4.648540013250607,6.058811672251767,4.233111438388152,5.524042407892797,5.595605754694739,8.99511782818658,5.201249591776705,9.535501802634995,6.04380250872878,4.942150158767112,3.7213307450435154,8.199930980690972,7.685071339030608,7.709932142727777,3.11460038811459,5.322727937139401,7.142242197966857,6.003773769192133,4.666415075751761,2.61830480738023,9.64230851930591,9.607361827328859,4.615058036853607,8.535935283439974,8.004688111136813
8,7.319939115076789,7.3560142668109885,9.057347376098825,6.185253587493148,10.414696372107324,6.59412464923368,1.3987151862316742,3.7194955336294515,0.0,12.733862017172163,6.016855205596275,12.610240973991333,12.660350224197389,12.71046693561071,12.633822482284508,12.833933895647357,4.305654895213903,7.260022717101364,4.463523844708277,4.509941782754091,5.67514749514904,9.755642866685234,7.327741389342799,9.179826306971883,9.252826753951624,9.86028180120777,7.078747780918128,6.594218588112701,2.4892030515810113,6.548144797207374,3.7370109936574134,8.087186584727476,7.421958437327774,7.4633023489040236,3.821383133314879,6.280095139946756,4.353429975223889,4.25657873886384,4.167950576435585,2.9530086819463865,7.273046258462883,7.240557597092919,6.214195460621813,7.129008447458519,6.89597629499847
10,8.46618297944346,8.366239526343238,10.550334403085868,9.61717513185595,2.961459008226246,6.265179807965923,13.863187415452957,12.809313806027212,12.733862017172163,0.0,7.95131285195333,0.15809666689889046,0.1310671141074614,0.12071978230221511,0.10208429961475028,0.10208429961547562,9.09817419320431,10.763111731373835,9.208392529530677,9.187997202679588,8.179893912643594,14.31108913824978,10.852759852508921,13.572544730542374,13.614387839744518,4.39207407970652,8.292008589417362,9.936474402197092,14.28331460889923,8.201021299155896,9.404557451570295,4.708157234545685,5.337308001272996,5.299522471119402,9.802112293653929,7.5295063363299874,9.90067749945398,8.682576191732549,8.668793773439388,10.579620825814224,8.102183810770882,8.102300547487427,8.447490303962486,6.209194435261124,6.071967521067698
11,1.8425852611530038,1.8126597667463897,4.567313079153039,1.9813298491826117,6.706901515908302,2.2968243669506494,7.398853992390755,4.912987230308163,6.016855205596275,7.95131285195333,0.0,7.871638930378489,7.921839900325503,7.97205152653797,7.850635841226821,8.05202518455717,1.7155618827705015,3.586397603839312,1.5771857957450202,1.5353063707119783,0.3417084412455961,7.44222342854938,3.6959688774442925,6.658835078673846,6.721764812842467,4.121471027827005,1.4844440023597372,8.000033014858142,8.302832192458574,0.8587624143647349,2.3205702139399444,3.5492764954367737,3.2229287087807252,3.229333847687254,2.249849422621499,0.42290817581522483,6.074124853041688,4.089723816222439,2.4038740513432755,3.155227103396042,7.158306996752973,7.127344814294323,0.7735369429710539,5.057716368042333,4.3224724122439
12,8.417678468521942,8.317859343576963,10.531980550945354,9.554667045887946,2.8038199229565786,6.1575399409643055,13.733631905689863,12.719480114914207,12.610240973991333,0.15809666689889046,7.871638930378489,0.0,0.051042571111323286,0.10208514222176757,0.12071978230221511,0.23718858914542365,8.998744789166595,10.718130389553972,9.113818366587267,9.094047230405396,8.0959057599697,14.284812805462842,10.808660336320496,13.543349667165732,13.585887598563156,4.366025115750996,8.237851096460592,9.779772052526294,14.146697783360224,8.135662867780738,9.297936440532217,4.599152332552002,5.222039651676837,5.184870107361778,9.70325670444208,7.449358056114724,9.75366316757273,8.547765906909792,8.554538343079637,10.475162711867311,7.945058518519559,7.945253007439542,8.377879503929616,6.060632188089465,5.931168953823369
13,8.464733981473316,8.364896664127642,10.574345606419397,9.603395595260528,2.839954949213045,6.2085467197074795,13.783026823384802,12.770254731479636,12.660350224197389,0.1310671141074614,7.921839900325503,0.051042571111323286,0.0,0.051042571110597956,0.1310671141074614,0.1949901763972581,9.049766595708547,10.764746311984805,9.164744916286967,9.144956151608804,8.146377741056945,14.328605312983866,10.855155683900886,13.58761959548464,13.6300439627681,4.409507854040598,8.28561767710497,9.817701151287746,14.19485111128354,8.184664923389736,9.348953110992172,4.650140462026753,5.272805141252103,5.235665485193198,9.754271971672027,7.499586763498956,9.798747710044493,8.596321232836432,8.605330584956576,10.526200176902023,7.982243930225464,7.982591579839721,8.427288171798464,6.105097339496649,5.978397616771542
14,8.511835376537991,8.411980615602669,10.61678690904569,9.652148011308384,2.8765419282040288,6.259554088559315,13.832433749351885,12.821031457861794,12.71046693561071,0.12071978230221511,7.97205152653797,0.10208514222176757,0.051042571110597956,0.0,0.15809666689889046,0.15809666689959687,9.10078863008419,10.81140214790817,9.215672737828884,9.195866541766387,8.196856762339662,14.372445568199392,10.901691642702232,13.63193678890191,13.67424817924253,4.453150972911957,8.33342303889111,9.855748749587015,14.243024620172587,8.233691723175914,9.399970068292461,4.701129781162135,5.323575948005477,5.286465642188509,9.805287517311491,7.549826356460726,9.843890516656833,8.64490526879324,8.656125789288893,10.577237693715299,8.01958191496903,8.020081291992806,8.476716157526749,6.149664729235971,6.025688546729046
15,8.37151340712839,8.271598575628634,10.464990247708549,9.519336851978734,2.8908745323569875,6.1632596260582675,13.764607138507568,12.707669666101994,12.633822482284508,0.10208429961475028,7.850635841226821,0.12071978230221511,0.1310671141074614,0.15809666689889046,0.0,0.20416859922899666,8.996101543777469,10.669418605017514,9.106457576740535,9.086090553340135,8.078731787344529,14.223079074015693,10.759306236432787,13.483568145692248,13.525636943302231,4.303712675043235,8.195954530499396,9.861120313317304,14.187262125539759,8.102598009498731,9.302574986186942,4.606336215676333,5.236038845095211,5.198182975461426,9.700048928864238,7.4287640657430325,9.810973153438537,8.58586384695912,8.567357381316546,10.477569907446826,8.028427809283093,8.028239248927944,8.348308472731873,6.121028568947972,5.978180458900275
16,8.56102270029397,8.461053279046007,10.63597317294027,9.71510058865141,3.033837301643131,6.367105287683311,13.961818236681987,12.910964826121209,12.833933895647357,0.10208429961547562,8.05202518455717,0.23718858914542365,0.1949901763972581,0.15809666689959687,0.20416859922899666,0.0,9.200247090565721,10.856955892737835,9.310330717090546,9.289907711593319,8.281078577512623,14.39928464882084,10.94636735868235,13.661704283715537,13.703324072099552,4.481018406438086,8.388204853067043,10.012302690930682,14.379450444616538,8.299532849464725,9.506542134223846,4.809989463950448,5.438607723679453,5.400890103276608,9.904176075749568,7.630284167633504,9.99061984001322,8.77941040150116,8.770245279547156,10.681672400080798,8.176549533121936,8.176966014297971,8.546740319529688,6.297781130151474,6.166018435973125
17,3.257901846889793,3.266312150066103,5.634925863703789,2.5970909646049107,7.374586201971646,2.8836221193830673,5.684167487431475,3.804238423084931,4.305654895213903,9.09817419320431,1.7155618827705015,8.998744789166595,9.049766595708547,9.10078863008419,8.996101543777469,9.200247090565721,0.0,4.193013701044306,0.37161220947736784,0.40906559848939356,1.3746816172303615,7.803055345932817,4.29602393388923,7.051209613364197,7.121622922938226,5.663083438582005,2.951155718135377,7.03306527368092,6.594040651092697,2.348624492580142,0.6294392571166884,4.425994287065166,3.8856099604397474,3.9119833278709315,0.705599107548756,1.9805244576855183,4.856345957507934,3.0271926889448233,1.2068293611241003,1.5337330496559236,6.557136803371007,6.523237569123694,2.0530656094565902,4.937137215312224,4.319163252727384
18,2.309470104012494,2.408086112218338,1.8403120077274568,1.6627577557237254,10.07899695254873,5.865953342253613,8.590192713691719,4.202180226574951,7.260022717101364,10.763111731373835,3.586397603839312,10.718130389553972,10.764746311984805,10.81140214790817,10.669418605017514,10.856955892737835,4.193013701044306,0.0,3.822618422410158,3.7839535210776116,3.63056568850255,3.8626702560285575,0.10976150343363152,3.0780412042386494,3.139349040262833,6.417565621774476,2.541873508603551,11.221269143268094,9.748252135678088,2.877096311172462,4.698156731915739,6.927956715226164,6.730341874236267,6.728874367067724,4.058181678070676,3.9119317212661726,9.035773084311991,7.211270511006606,5.37676709836986,4.576235224924413,10.616448876244611,10.583894883792283,2.819006826396757,8.634334725303347,7.905696048140477
19,2.972251832046624,2.988381506930732,5.282618465472855,2.2357963113516313,7.583627364319187,3.059486167295931,5.854700790294865,3.625399303262793,4.463523844708277,9.208392529530677,1.5771857957450202,9.113818366587267,9.164744916286967,9.215672737828884,9.106457576740535,9.310330717090546,0.37161220947736784,3.822618422410158,0.0,0.049281532911261,1.2402197229985548,7.436645299249583,3.9253616006286727,6.68307139522691,6.753319514627834,5.637395708386796,2.682640911705393,7.404627865808011,6.806037777036494,2.10556447450111,0.9345332679671509,4.574608443141778,4.068979969366362,4.092017399318887,0.6743197668085862,1.9021313276204508,5.22192448191658,3.3987130933719945,1.575463048960956,1.578538160853406,6.918113069361298,6.884329093701665,1.7886810707200789,5.250549860637049,4.613527810435982
20,2.922977096729858,2.9391069505033154,5.237554260780732,2.1925469924705228,7.577311367160857,3.049967266179334,5.901561251898612,3.6398867780113933,4.509941782754091,9.187997202679588,1.5353063707119783,9.094047230405396,9.144956151608804,9.195866541766387,9.086090553340135,9.289907711593319,0.40906559848939356,3.7839535210776116,0.049281532911261,0.0,1.1995114163977474,7.406941055520206,3.8870015074334594,6.652169382582771,6.722284741401871,5.602638984399147,2.6334511336822137,7.441304218472267,6.854424565642083,2.057038186589093,0.9821545183706796,4.5602592518334415,4.059799077395853,4.082336233156209,0.7147127855662249,1.8648170942604037,5.263332667795562,3.4342454097034754,1.6080361900720885,1.6199224109667747,6.945564729418491,6.911834692606345,1.7396537009661095,5.2640647779235445,4.623074022001997
21,2.074629876871191,2.0569638978946547,4.731782858683873,1.9832983420792933,6.830613721729189,2.3471583446790345,7.057356555848735,4.648540013250607,5.67514749514904,8.179893912643594,0.3417084412455961,8.0959057599697,8.146377741056945,8.196856762339662,8.078731787344529,8.281078577512623,1.3746816172303615,3.63056568850255,1.2402197229985548,1.1995114163977474,0.0,7.463025595764404,3.740265033307745,6.682765766839144,6.7475854930686125,4.427954104097396,1.7272543060647867,7.8041639651608286,7.964684584963398,1.0911060794384242,1.983319784080105,3.6961483322349276,3.3152426530022225,3.326373208879192,1.914132261717607,0.6853906728937025,5.82600710577687,3.8561194963994723,2.1212028941735945,2.8187489371380936,7.028880273893501,6.9972234508923306,0.9039788643136011,5.00815690841695,4.28835862633052
22,6.068181518387191,6.159903922535319,3.8079187169409905,5.4798191914990975,13.88871916565463,9.727924513016614,10.866880664620021,6.058811672251767,9.755642866685234,14.31108913824978,7.44222342854938,14.284812805462842,14.328605312983866,14.372445568199392,14.223079074015693,14.39928464882084,7.803055345932817,3.8626702560285575,7.436645299249583,7.406941055520206,7.463025595764404,0.0,3.7541035612504237,0.7847239580426334,0.7256902471795996,9.919389540832995,6.350664763640837,14.776056741574836,12.099142482538506,6.7362781448354445,8.197978664795139,10.760933680818216,10.588789540947936,10.586235829808738,7.479859967404125,7.774419254133496,12.47587918280494,10.808902853690052,9.009702997855385,7.705312961484184,14.34793135346937,14.314449920648904,6.67919499370628,12.470000439133072,11.750641282169243
23,2.4050499461888823,2.5032496178254493,1.7986948996958798,1.7715836393839808,10.182525068384255,5.974926004650911,8.653017298644743,4.233111438388152,7.327741389342799,10.852759852508921,3.6959688774442925,10.808660336320496,10.855155683900886,10.901691642702232,10.759306236432787,10.94636735868235,4.29602393388923,0.10976150343363152,3.9253616006286727,3.8870015074334594,3.740265033307745,3.7541035612504237,0.0,2.969425720229619,3.030528830700946,6.502268581701819,2.642861421443365,11.325540751012621,9.815125059936134,2.984520265561964,4.797614004702045,7.032878755726654,6.837858216220534,6.836232081304435,4.15351714424812,4.020766202531437,9.136279337789658,7.315717698292501,5.4814780512069845,4.6608796058727835,10.724835144300876,10.692260367820998,2.92833704985832,8.744095646797595,8.015413053533587
24,5.29079625458261,5.383273077723601,3.128739547242266,4.699485546835359,13.110702200679452,8.9435510155296,10.336508852245705,5.524042407892797,9.179826306971883,13.572544730542374,6.658835078673846,13.543349667165732,13.58761959548464,13.63193678890191,13.483568145692248,13.661704283715537,7.051209613364197,3.0780412042386494,6.68307139522691,6.652169382582771,6.682765766839144,0.7847239580426334,2.969425720229619,0.0,0.07392093957405782,9.180686766768147,5.569666461402005,14.044698382071964,11.56403205874242,5.95163979045094,7.461912686878584,9.979304167657384,9.804297432004931,9.801841968558772,6.750445036419869,6.989883788929158,11.760306161391092,10.065675650167643,8.257968978204966,7.016035945807001,13.586557190843841,13.553216452161836,5.895085147309634,11.690544663299526,10.969506753556095
25,5.344439832197222,5.436547126438609,3.1561866114413886,4.764397812126451,13.164805392137017,9.005242131984037,10.40833695045324,5.595605754694739,9.252826753951624,13.614387839744518,6.721764812842467,13.585887598563156,13.6300439627681,13.67424817924253,13.525636943302231,13.703324072099552,7.121622922938226,3.139349040262833,6.753319514627834,6.722284741401871,6.7475854930686125,0.7256902471795996,3.030528830700946,0.07392093957405782,0.0,9.2223575660375,5.625402082561335,14.11658092919077,11.63605110800034,6.01141410923039,7.533645445937548,10.035518226292508,9.863592168580201,9.860921192020568,6.822629831596221,7.0512723228551115,11.833034097326758,10.136779403267896,8.32833879359999,7.089644492248559,13.655621889265433,13.622301605192664,5.957262634025931,11.755569779883164,11.033795399698512
26,4.159275170461541,4.059521724294189,6.171561347645012,5.4351290845845375,4.630299137861073,3.515040450419099,11.177897222431016,8.99511782818658,9.86028180120777,4.39207407970652,4.121471027827005,4.366025115750996,4.409507854040598,4.453150972911957,4.303712675043235,4.481018406438086,5.663083438582005,6.417565621774476,5.637395708386796,5.602638984399147,4.427954104097396,9.919389540832995,6.502268581701819,9.180686766768147,9.2223575660375,0.0,4.040535142470351,9.537791646476316,11.904712843261025,4.096068609217436,6.15458561409379,2.66176090833302,3.2064602306407184,3.160797710541175,6.304561318808776,3.7447951299739586,8.446180070506221,6.627199039284445,5.739401213740896,7.190691331403197,8.023169102668811,8.004934617389042,4.399769669070569,5.5105538332869335,4.888868710457388
27,0.3620114907137871,0.3299113981317523,3.146649760367988,1.4145796184343387,7.545558723616307,3.5061934155188186,8.477369634226886,5.201249591776705,7.078747780918128,8.292008589417362,1.4844440023597372,8.237851096460592,8.28561767710497,8.33342303889111,8.195954530499396,8.388204853067043,2.951155718135377,2.541873508603551,2.682640911705393,2.6334511336822137,1.7272543060647867,6.350664763640837,2.642861421443365,5.569666461402005,5.625402082561335,4.040535142470351,0.0,9.480029131597487,9.472161654506522,0.6362226342614078,3.580151054013836,4.41052348632488,4.274511105896934,4.267303807104017,3.2706031881784647,1.6267688996423835,7.550004683879934,5.571395959204566,3.846276725884412,4.126749652021254,8.587048948636287,8.556960457479697,0.8981854534198317,6.380826326662959,5.627718760877832
28,9.84056393199506,9.804601627340254,12.530908093022655,9.591491869867268,6.982058618893406,6.4211032849777805,6.77808038657017,9.535501802634995,6.594218588112701,9.936474402197092,8.000033014858142,9.779772052526294,9.817701151287746,9.855748749587015,9.861120313317304,10.012302690930682,7.03306527368092,11.221269143268094,7.404627865808011,7.441304218472267,7.8041639651608286,14.776056741574836,11.325540751012621,14.044698382071964,14.11658092919077,9.537791646476316,9.480029131597487,0.0,6.364335483096361,8.858671328808375,6.583447332644762,6.8794378956144895,6.355171614784161,6.398240729032801,7.296280311627409,7.887007718746278,2.393259823476844,4.01019004123431,5.845191214817176,7.17140668765879,1.8449058857545144,1.841044477358502,8.708006510617903,4.083736591482895,4.6493996719312385
29,9.733595539030924,9.762707666690345,11.546289189452311,8.652543377821155,11.688714588514927,8.465384169442709,1.233741110985983,6.04380250872878,2.4892030515810113,14.28331460889923,8.302832192458574,14.146697783360224,14.19485111128354,14.243024620172587,14.187262125539759,14.379450444616538,6.594040651092697,9.748252135678088,6.806037777036494,6.854424565642083,7.964684584963398,12.099142482538506,9.815125059936134,11.56403205874242,11.63605110800034,11.904712843261025,9.472161654506522,6.364335483096361,0.0,8.911333362389737,5.982362251972529,9.832205739496716,9.147319095459066,9.192914607012758,6.202321585642792,8.515546341364649,4.735012012978205,5.605298145582266,6.1781182758799975,5.38026791453135,7.6045816620049695,7.578124029771245,8.588813226496839,8.249464523503187,8.229312312005677
31,0.9877843006778654,0.9660605025025166,3.7189549855637978,1.4283179712980394,7.235696926986027,3.0113987013575567,7.944484478898335,4.942150158767112,6.548144797207374,8.201021299155896,0.8587624143647349,8.135662867780738,8.184664923389736,8.233691723175914,8.102598009498731,8.299532849464725,2.348624492580142,2.877096311172462,2.10556447450111,2.057038186589093,1.0911060794384242,6.7362781448354445,2.984520265561964,5.95163979045094,6.01141410923039,4.096068609217436,0.6362226342614078,8.858671328808375,8.911333362389737,0.0,2.977737673234419,4.07061389348955,3.853348053678587,3.8517793970840652,2.726874599205181,1.0680214503096686,6.914388525550123,4.937813703519218,3.2109863064755295,3.6088688295538547,8.00184976888384,7.971238800160647,0.34713267450937435,5.848935356501368,5.102724722880178
32,3.88452362360454,3.8943535086502754,6.208487223328566,3.153279886418191,7.514864272229433,3.1406885852558353,5.100592035613032,3.7213307450435154,3.7370109936574134,9.404557451570295,2.3205702139399444,9.297936440532217,9.348953110992172,9.399970068292461,9.302574986186942,9.506542134223846,0.6294392571166884,4.698156731915739,0.9345332679671509,0.9821545183706796,1.983319784080105,8.197978664795139,4.797614004702045,7.461912686878584,7.533645445937548,6.15458561409379,3.580151054013836,6.583447332644762,5.982362251972529,2.977737673234419,0.0,4.699740772661833,4.107333378449697,4.139275017945004,0.7364148169296139,2.5495508188600366,4.340834574020407,2.619283922258293,0.956104058562495,1.1902116964471383,6.243221894096845,6.208714333305174,2.6819798859936834,4.836689126510503,4.284300935289894
33,4.705126414391234,4.618128836803332,7.371666354551836,5.465394609386947,3.168772597088986,1.559097430726274,9.283447247580385,8.199930980690972,8.087186584727476,4.708157234545685,3.5492764954367737,4.599152332552002,4.650140462026753,4.701129781162135,4.606336215676333,4.809989463950448,4.425994287065166,6.927956715226164,4.574608443141778,4.5602592518334415,3.6961483322349276,10.760933680818216,7.032878755726654,9.979304167657384,10.035518226292508,2.66176090833302,4.41052348632488,6.8794378956144895,9.832205739496716,4.07061389348955,4.699740772661833,0.0,0.6852809111774719,0.6393414221588467,5.131467509428331,3.14072108069779,5.934714088299909,4.289167892713087,3.9692905981019755,5.880276604783169,5.373357200565822,5.354016409315008,4.2120641031495065,2.855333878246353,2.23032908244919
34,4.597278511108924,4.51848461613652,7.342094556442093,5.191842436957261,3.5312629198976997,1.0099865887216573,8.606299390437696,7.685071339030608,7.421958437327774,5.337308001272996,3.2229287087807252,5.222039651676837,5.272805141252103,5.323575948005477,5.236038845095211,5.438607723679453,3.8856099604397474,6.730341874236267,4.068979969366362,4.059799077395853,3.3152426530022225,10.588789540947936,6.837858216220534,9.804297432004931,9.863592168580201,3.2064602306407184,4.274511105896934,6.355171614784161,9.147319095459066,3.853348053678587,4.107333378449697,0.6852809111774719,0.0,0.04791875713658324,4.586768089261174,2.8427615751453272,5.288888068864952,3.607613860746375,3.3326924731792285,5.295632686884676,4.943738059217239,4.921488031134804,3.94261739359466,2.4421869104613076,1.7370582962650618
35,4.588304699392327,4.508877155723902,7.328916930751784,5.19553607317284,3.514499165497559,1.0325423846556163,8.649708085470927,7.709932142727777,7.4633023489040236,5.299522471119402,3.229333847687254,5.184870107361778,5.235665485193198,5.286465642188509,5.198182975461426,5.400890103276608,3.9119833278709315,6.728874367067724,4.092017399318887,4.082336233156209,3.326373208879192,10.586235829808738,6.836232081304435,9.801841968558772,9.860921192020568,3.160797710541175,4.267303807104017,6.398240729032801,9.192914607012758,3.8517793970840652,4.139275017945004,0.6393414221588467,0.04791875713658324,0.0,4.613852790556361,2.8462990579936664,5.3366404579384765,3.654894191444336,3.3696694814391455,5.327020916827299,4.98145177024341,4.9593626164940785,3.945165581742905,2.4773625004029984,1.7763397091195121
36,3.5337036097205146,3.560806884323524,5.650981111768966,2.5986092443304605,8.064104554280451,3.5872169666501605,5.217649071565035,3.11460038811459,3.821383133314879,9.802112293653929,2.249849422621499,9.70325670444208,9.754271971672027,9.805287517311491,9.700048928864238,9.904176075749568,0.705599107548756,4.058181678070676,0.6743197668085862,0.7147127855662249,1.914132261717607,7.479859967404125,4.15351714424812,6.750445036419869,6.822629831596221,6.304561318808776,3.2706031881784647,7.296280311627409,6.202321585642792,2.726874599205181,0.7364148169296139,5.131467509428331,4.586768089261174,4.613852790556361,0.0,2.575136381833818,5.021210472229992,3.3514649262536746,1.6635732245145047,0.9055877727033019,6.979548636350826,6.945050621981354,2.394759955619289,5.522677597422647,4.9391150216535165
37,1.9874782742338357,1.9381198934013348,4.768132545428087,2.3492379019522693,6.304100909682959,1.9547050248692486,7.6497674550291075,5.322727937139401,6.280095139946756,7.5295063363299874,0.42290817581522483,7.449358056114724,7.499586763498956,7.549826356460726,7.4287640657430325,7.630284167633504,1.9805244576855183,3.9119317212661726,1.9021313276204508,1.8648170942604037,0.6853906728937025,7.774419254133496,4.020766202531437,6.989883788929158,7.0512723228551115,3.7447951299739586,1.6267688996423835,7.887007718746278,8.515546341364649,1.0680214503096686,2.5495508188600366,3.14072108069779,2.8427615751453272,2.8462990579936664,2.575136381833818,0.0,6.049971500142258,4.0522135856108905,2.4784432979388473,3.474362807209776,6.960324960994511,6.930268770207882,1.101570498449976,4.781090764451187,4.034748431403718
38,7.900438852979799,7.87987677903308,10.470608024547236,7.452590205846712,7.12502363142734,4.997471799881449,4.810431816502043,7.142242197966857,4.353429975223889,9.90067749945398,6.074124853041688,9.75366316757273,9.798747710044493,9.843890516656833,9.810973153438537,9.99061984001322,4.856345957507934,9.035773084311991,5.22192448191658,5.263332667795562,5.82600710577687,12.47587918280494,9.136279337789658,11.760306161391092,11.833034097326758,8.446180070506221,7.550004683879934,2.393259823476844,4.735012012978205,6.914388525550123,4.340834574020407,5.934714088299909,5.288888068864952,5.3366404579384765,5.021210472229992,6.049971500142258,0.0,1.9990753036928417,3.73620555829572,4.811117867985039,2.9644445673955477,2.9340144081160684,6.711361831525193,3.6984873044358406,3.89526592647599
39,5.925537164847131,5.900751219298685,8.550870486658935,5.583274998004714,6.190860935237841,3.1176105368960845,5.225291674285082,6.003773769192133,4.25657873886384,8.682576191732549,4.089723816222439,8.547765906909792,8.596321232836432,8.64490526879324,8.58586384695912,8.77941040150116,3.0271926889448233,7.211270511006606,3.3987130933719945,3.4342454097034754,3.8561194963994723,10.808902853690052,7.315717698292501,10.065675650167643,10.136779403267896,6.627199039284445,5.571395959204566,4.01019004123431,5.605298145582266,4.937813703519218,2.619283922258293,4.289167892713087,3.607613860746375,3.654894191444336,3.3514649262536746,4.0522135856108905,1.9990753036928417,0.0,1.8350511366154934,3.424022494575287,3.666440042269444,3.631544532232591,4.752233626921136,2.875926570195636,2.6723298239806947
40,4.188091339532769,4.175322884509116,6.738564888296399,3.749641614593421,6.639473961124952,2.438545345990441,5.447159975604706,4.666415075751761,4.167950576435585,8.668793773439388,2.4038740513432755,8.554538343079637,8.605330584956576,8.656125789288893,8.567357381316546,8.770245279547156,1.2068293611241003,5.37676709836986,1.575463048960956,1.6080361900720885,2.1212028941735945,9.009702997855385,5.4814780512069845,8.257968978204966,8.32833879359999,5.739401213740896,3.846276725884412,5.845191214817176,6.1781182758799975,3.2109863064755295,0.956104058562495,3.9692905981019755,3.3326924731792285,3.3696694814391455,1.6635732245145047,2.4784432979388473,3.73620555829572,1.8350511366154934,0.0,2.082979993178309,5.357931082264784,5.323845381179831,2.985158951556923,3.8809685540920404,3.3401382625211506
41,4.36769101642147,4.403062484616185,6.280753656583803,3.2917794324036103,8.699672238050834,4.321720162533708,4.351698356567961,2.61830480738023,2.9530086819463865,10.579620825814224,3.155227103396042,10.475162711867311,10.526200176902023,10.577237693715299,10.477569907446826,10.681672400080798,1.5337330496559236,4.576235224924413,1.578538160853406,1.6199224109667747,2.8187489371380936,7.705312961484184,4.6608796058727835,7.016035945807001,7.089644492248559,7.190691331403197,4.126749652021254,7.17140668765879,5.38026791453135,3.6088688295538547,1.1902116964471383,5.880276604783169,5.295632686884676,5.327020916827299,0.9055877727033019,3.474362807209776,4.811117867985039,3.424022494575287,2.082979993178309,0.0,7.087499697226175,7.05255523912541,3.270213111294251,5.9247507435170235,5.41757923472191
42,8.947743274144553,8.896300028902408,11.720767854394214,8.954277216977003,5.143711342483521,5.23736947602005,7.771087384886075,9.64230851930591,7.273046258462883,8.102183810770882,7.158306996752973,7.945058518519559,7.982243930225464,8.01958191496903,8.028427809283093,8.176549533121936,6.557136803371007,10.616448876244611,6.918113069361298,6.945564729418491,7.028880273893501,14.34793135346937,10.724835144300876,13.586557190843841,13.655621889265433,8.023169102668811,8.587048948636287,1.8449058857545144,7.6045816620049695,8.00184976888384,6.243221894096845,5.373357200565822,4.943738059217239,4.98145177024341,6.979548636350826,6.960324960994511,2.9644445673955477,3.666440042269444,5.357931082264784,7.087499697226175,0.0,0.03496669500702924,7.915547343713439,2.5190581922203807,3.2100404341131066
43,8.917717027316398,8.866448095654327,11.69018018445967,8.921782898907695,5.144591562926364,5.210407663189435,7.741334374270884,9.607361827328859,7.240557597092919,8.102300547487427,7.127344814294323,7.945253007439542,7.982591579839721,8.020081291992806,8.028239248927944,8.176966014297971,6.523237569123694,10.583894883792283,6.884329093701665,6.911834692606345,6.9972234508923306,14.314449920648904,10.692260367820998,13.553216452161836,13.622301605192664,8.004934617389042,8.556960457479697,1.841044477358502,7.578124029771245,7.971238800160647,6.208714333305174,5.354016409315008,4.921488031134804,4.9593626164940785,6.945050621981354,6.930268770207882,2.9340144081160684,3.631544532232591,5.323845381179831,7.05255523912541,0.03496669500702924,0.0,7.8842487158877805,2.4991995793000386,3.1871039488522253
44,1.2137229289183151,1.2151286881479544,3.828704322729644,1.254508699303913,7.380701695145082,3.0495014171985906,7.611520154377845,4.615058036853607,6.214195460621813,8.447490303962486,0.7735369429710539,8.377879503929616,8.427288171798464,8.476716157526749,8.348308472731873,8.546740319529688,2.0530656094565902,2.819006826396757,1.7886810707200789,1.7396537009661095,0.9039788643136011,6.67919499370628,2.92833704985832,5.895085147309634,5.957262634025931,4.399769669070569,0.8981854534198317,8.708006510617903,8.588813226496839,0.34713267450937435,2.6819798859936834,4.2120641031495065,3.94261739359466,3.945165581742905,2.394759955619289,1.101570498449976,6.711361831525193,4.752233626921136,2.985158951556923,3.270213111294251,7.915547343713439,7.8842487158877805,0.0,5.831175743458552,5.095022569426617
45,6.73204787942528,6.6680644191769955,9.523877426834334,6.991175765452286,3.447675421483059,2.892397737502891,8.029587443702628,8.535935283439974,7.129008447458519,6.209194435261124,5.057716368042333,6.060632188089465,6.105097339496649,6.149664729235971,6.121028568947972,6.297781130151474,4.937137215312224,8.634334725303347,5.250549860637049,5.2640647779235445,5.00815690841695,12.470000439133072,8.744095646797595,11.690544663299526,11.755569779883164,5.5105538332869335,6.380826326662959,4.083736591482895,8.249464523503187,5.848935356501368,4.836689126510503,2.855333878246353,2.4421869104613076,2.4773625004029984,5.522677597422647,4.781090764451187,3.6984873044358406,2.875926570195636,3.8809685540920404,5.9247507435170235,2.5190581922203807,2.4991995793000386,5.831175743458552,0.0,0.7582453913862435
46,5.9777333286893,5.912869097806867,8.768969903649586,6.270979530296218,3.5221451330366906,2.134534684081007,7.897449453185479,8.004688111136813,6.89597629499847,6.071967521067698,4.3224724122439,5.931168953823369,5.978397616771542,6.025688546729046,5.978180458900275,6.166018435973125,4.319163252727384,7.905696048140477,4.613527810435982,4.623074022001997,4.28835862633052,11.750641282169243,8.015413053533587,10.969506753556095,11.033795399698512,4.888868710457388,5.627718760877832,4.6493996719312385,8.229312312005677,5.102724722880178,4.284300935289894,2.23032908244919,1.7370582962650618,1.7763397091195121,4.9391150216535165,4.034748431403718,3.89526592647599,2.6723298239806947,3.3401382625211506,5.41757923472191,3.2100404341131066,3.1871039488522253,5.095022569426617,0.7582453913862435,0.0
